| WMSM | 1472 | 119 | 0 | 5 | 1348 |
| TMSM | 1065 | 24 | 0 | 0 | 1041 |
| PSSM | 2867 | 39 | 0 | 0 | 2828 |
| MMSM | 5585 | 43 | 0 | 0 | 5542 |
| QMTS | 1724 | 47 | 0 | 0 | 1677 |
| WM00 | 737 | 12 | 0 | 4 | 721 |
| CAAI | 879 | 24 | 0 | 0 | 855 |
| SM00 | 594 | 3 | 0 | 0 | 591 |
| GCPM | 653 | 0 | 0 | 0 | 653 |
| MM00 | 544 | 2 | 0 | 0 | 542 |
| FBSM | 634 | 0 | 0 | 0 | 634 |
| TK00 | 235 | 2 | 0 | 0 | 233 |
| MMTP | 345 | 3 | 0 | 2 | 340 |
| APBD | 12 | 0 | 0 | 0 | 12 |
| WM10 | 56 | 6 | 0 | 0 | 50 |
| SMSM | 90 | 0 | 0 | 0 | 90 |
| GCTP | 195 | 1 | 0 | 2 | 192 |
| PS00 | 29 | 0 | 0 | 0 | 29 |
| FOSMT | 104 | 59 | 0 | 1 | 44 |
| GC00 | 5 | 0 | 0 | 1 | 4 |
| QM00 | 0 | 0 | 0 | 0 | 0 |
| **合计** | **17825** | **384** | **0** | **15** | **17426** |
